16
25
29
122
160
188
248
256
278
339
390
403
438
440
444
495
541
548
584
594
754
757
892
898
943
1041
1172
1204
1251
1270
1276
1287
1300
1360
1361
1381
1393
1443
1449
1507
1508
1556
1558
1562
1563
1573
1585
1674
1675
1680
1782
1828
1906
2005
2038
2043
2078
2096
2099
2150
2191
2208
2260
2285
2319
2326
2348
2468
2470
2474
2477
2506
2510
2525
2532
2574
2586
2678
2707
2711
2730
2764
2782
2833
2837
2839
2866
2973
3010
3012
3045
3118
3212
3244
3246
3361
3374
3428
3488
3524
3544
3546
3585
3594
3615
3616
3619
3637
3711
3737
3740
3748
3858
3872
3979
3982
3987
4014
4017
4047
4089
4091
4098
4099
4194
4199
4201
4252
4264
4340
4376
4422
4459
4460
4490
4506
4561
4576
4598
4632
4713
4747
4824
4848
0
1
2
3
4
5
6
7
8
9
10
11
12
13
14
15
16
17
18
19
20
21
22
